============================= test session starts ==============================
platform darwin -- Python 3.13.14, pytest-9.0.2, pluggy-1.6.0
benchmark: 5.2.3 (defaults: timer=time.perf_counter disable_gc=True min_rounds=5 min_time=0.000005 max_time=1.0 calibration_precision=10 warmup=False warmup_iterations=5)
rootdir: /Users/prrao/code/graph-benchmark-ldbc
configfile: pyproject.toml
plugins: anyio-4.12.1, benchmark-5.2.3, asyncio-1.3.0, Faker-40.1.2
asyncio: mode=Mode.STRICT, debug=False, asyncio_default_fixture_loop_scope=None, asyncio_default_test_loop_scope=function
collected 30 items

benchmark_query.py ..............................                        [100%]
Wrote benchmark data in: <_io.BufferedWriter name='/Users/prrao/code/graph-benchmark-ldbc/results/20260903T204340Z/kuzu-0.11.3.json'>


- generated xml file: /Users/prrao/code/graph-benchmark-ldbc/results/20260903T204340Z/kuzu-0.11.3.xml -

-------------------------------------------------------------------------------------- benchmark: 30 tests ---------------------------------------------------------------------------------------
Name (time in ms)               Min                 Max                Mean             StdDev              Median               IQR            Outliers         OPS            Rounds  Iterations
--------------------------------------------------------------------------------------------------------------------------------------------------------------------------------------------------
test_benchmark_query1        1.6007 (4.22)       1.9931 (3.23)       1.7164 (3.86)      0.1069 (3.24)       1.6963 (3.91)     0.1301 (3.39)          2;1    582.6157 (0.26)         13           1
test_benchmark_query10       1.4315 (3.77)       1.6770 (2.72)       1.5105 (3.39)      0.0373 (1.13)       1.5097 (3.48)     0.0384 (1.0)          36;5    662.0157 (0.29)        130           1
test_benchmark_query11       7.5090 (19.78)      8.0428 (13.02)      7.7351 (17.37)     0.1234 (3.74)       7.7081 (17.78)    0.1705 (4.44)         24;0    129.2800 (0.06)         71           1
test_benchmark_query12      16.3908 (43.18)     18.3189 (29.66)     17.1202 (38.46)     0.5291 (16.02)     17.0113 (39.23)    0.6361 (16.56)         5;0     58.4104 (0.03)         16           1
test_benchmark_query13      41.7916 (110.10)    42.5803 (68.95)     42.1568 (94.69)     0.2288 (6.93)      42.0951 (97.08)    0.3502 (9.12)          8;0     23.7209 (0.01)         20           1
test_benchmark_query14       1.3551 (3.57)       1.6170 (2.62)       1.4635 (3.29)      0.0473 (1.43)       1.4557 (3.36)     0.0548 (1.43)         39;4    683.2763 (0.30)        131           1
test_benchmark_query15       2.2032 (5.80)       2.5189 (4.08)       2.2986 (5.16)      0.0468 (1.42)       2.2890 (5.28)     0.0517 (1.35)        94;16    435.0467 (0.19)        407           1
test_benchmark_query16       1.6462 (4.34)       1.8392 (2.98)       1.7351 (3.90)      0.0441 (1.33)       1.7263 (3.98)     0.0622 (1.62)         20;0    576.3442 (0.26)         78           1
test_benchmark_query17       2.4513 (6.46)       2.7126 (4.39)       2.5533 (5.74)      0.0491 (1.49)       2.5475 (5.88)     0.0666 (1.73)         34;3    391.6537 (0.17)        115           1
test_benchmark_query18       1.3625 (3.59)       1.5586 (2.52)       1.4408 (3.24)      0.0338 (1.02)       1.4384 (3.32)     0.0471 (1.23)         79;2    694.0442 (0.31)        243           1
test_benchmark_query19       9.9903 (26.32)     38.8725 (62.94)     13.2317 (29.72)     4.2065 (127.40)    12.3064 (28.38)    2.7396 (71.31)         1;1     75.5761 (0.03)         47           1
test_benchmark_query2        1.2322 (3.25)       1.4960 (2.42)       1.3125 (2.95)      0.0530 (1.60)       1.3018 (3.00)     0.0520 (1.35)         22;4    761.8790 (0.34)         78           1
test_benchmark_query20      12.5077 (32.95)     14.3473 (23.23)     13.6656 (30.70)     0.5657 (17.13)     13.8988 (32.05)    0.7919 (20.61)        10;0     73.1762 (0.03)         32           1
test_benchmark_query21       0.3796 (1.0)        0.6176 (1.0)        0.4452 (1.0)       0.0433 (1.31)       0.4336 (1.0)      0.0415 (1.08)         33;8  2,246.2069 (1.0)         140           1
test_benchmark_query22      15.0690 (39.70)     33.0301 (53.48)     21.5066 (48.31)     5.2763 (159.79)    20.7182 (47.78)    8.4676 (220.41)       11;0     46.4975 (0.02)         36           1
test_benchmark_query23       1.0672 (2.81)       1.3546 (2.19)       1.1508 (2.58)      0.0477 (1.44)       1.1423 (2.63)     0.0458 (1.19)        59;17    868.9666 (0.39)        252           1
test_benchmark_query24       1.1060 (2.91)       1.3173 (2.13)       1.1914 (2.68)      0.0330 (1.0)        1.1893 (2.74)     0.0445 (1.16)       243;11    839.3676 (0.37)        789           1
test_benchmark_query25       1.2728 (3.35)       1.8358 (2.97)       1.3880 (3.12)      0.0657 (1.99)       1.3767 (3.17)     0.0702 (1.83)       119;20    720.4867 (0.32)        459           1
test_benchmark_query26       3.1655 (8.34)       3.4682 (5.62)       3.2801 (7.37)      0.0512 (1.55)       3.2785 (7.56)     0.0624 (1.63)         44;4    304.8697 (0.14)        153           1
test_benchmark_query27      11.3096 (29.79)     23.3724 (37.84)     14.3054 (32.13)     2.8157 (85.27)     13.7540 (31.72)    4.4064 (114.70)       23;1     69.9035 (0.03)         65           1
test_benchmark_query28       1.3675 (3.60)       1.6985 (2.75)       1.4568 (3.27)      0.0443 (1.34)       1.4521 (3.35)     0.0518 (1.35)       156;17    686.4250 (0.31)        588           1
test_benchmark_query29       0.8793 (2.32)       1.1579 (1.87)       0.9647 (2.17)      0.0444 (1.34)       0.9573 (2.21)     0.0512 (1.33)         50;6  1,036.6275 (0.46)        212           1
test_benchmark_query3        0.9566 (2.52)       1.2030 (1.95)       1.0233 (2.30)      0.0413 (1.25)       1.0120 (2.33)     0.0388 (1.01)        44;18    977.2116 (0.44)        242           1
test_benchmark_query30     141.3175 (372.30)   185.4860 (300.34)   153.4928 (344.78)   14.7541 (446.83)   150.9647 (348.16)   7.6723 (199.71)        1;1      6.5150 (0.00)          7           1
test_benchmark_query4        0.7899 (2.08)       0.9885 (1.60)       0.8548 (1.92)      0.0393 (1.19)       0.8465 (1.95)     0.0428 (1.11)         35;6  1,169.9311 (0.52)        141           1
test_benchmark_query5        3.2523 (8.57)       3.8701 (6.27)       3.4194 (7.68)      0.1009 (3.06)       3.3965 (7.83)     0.0948 (2.47)         17;4    292.4500 (0.13)         74           1
test_benchmark_query6        0.6100 (1.61)       0.9446 (1.53)       0.7055 (1.58)      0.0657 (1.99)       0.6970 (1.61)     0.0898 (2.34)         64;3  1,417.5083 (0.63)        185           1
test_benchmark_query7       26.8192 (70.65)     28.2548 (45.75)     27.5879 (61.97)     0.4406 (13.34)     27.6135 (63.68)    0.7872 (20.49)        10;0     36.2477 (0.02)         26           1
test_benchmark_query8        2.5481 (6.71)       2.8266 (4.58)       2.6507 (5.95)      0.0500 (1.51)       2.6455 (6.10)     0.0587 (1.53)         31;3    377.2586 (0.17)        104           1
test_benchmark_query9        1.6066 (4.23)       1.9017 (3.08)       1.7120 (3.85)      0.0540 (1.63)       1.7101 (3.94)     0.0555 (1.45)         32;6    584.1283 (0.26)        120           1
--------------------------------------------------------------------------------------------------------------------------------------------------------------------------------------------------

Legend:
  Outliers: 1 Standard Deviation from Mean; 1.5 IQR (InterQuartile Range) from 1st Quartile and 3rd Quartile.
  OPS: Operations Per Second, computed as 1 / Mean
============================= 30 passed in 15.52s ==============================
