============================= test session starts ==============================
platform darwin -- Python 3.13.14, pytest-9.0.2, pluggy-1.6.0
benchmark: 5.2.3 (defaults: timer=time.perf_counter disable_gc=True min_rounds=5 min_time=0.000005 max_time=1.0 calibration_precision=10 warmup=False warmup_iterations=5)
rootdir: /Users/prrao/code/graph-benchmark-ldbc
configfile: pyproject.toml
plugins: anyio-4.12.1, benchmark-5.2.3, asyncio-1.3.0, Faker-40.1.2
asyncio: mode=Mode.STRICT, debug=False, asyncio_default_fixture_loop_scope=None, asyncio_default_test_loop_scope=function
collected 30 items

benchmark_query.py ..............................                        [100%]
Wrote benchmark data in: <_io.BufferedWriter name='/Users/prrao/code/graph-benchmark-ldbc/results/20260903T204340Z/lance-graph-0.5.4.json'>


- generated xml file: /Users/prrao/code/graph-benchmark-ldbc/results/20260903T204340Z/lance-graph-0.5.4.xml -

------------------------------------------------------------------------------------ benchmark: 30 tests ------------------------------------------------------------------------------------
Name (time in ms)              Min                Max               Mean            StdDev             Median               IQR            Outliers         OPS            Rounds  Iterations
---------------------------------------------------------------------------------------------------------------------------------------------------------------------------------------------
test_benchmark_query1       1.2133 (1.88)      1.5983 (1.91)      1.2807 (1.81)     0.0535 (2.08)      1.2700 (1.81)     0.0378 (1.23)        21;11    780.8104 (0.55)        125           1
test_benchmark_query10     26.3782 (40.84)    29.2287 (34.86)    27.0438 (38.31)    0.5942 (23.09)    26.9108 (38.28)    0.7868 (25.56)         8;1     36.9771 (0.03)         38           1
test_benchmark_query11      2.5720 (3.98)      8.5262 (10.17)     3.0430 (4.31)     0.7421 (28.83)     2.8383 (4.04)     0.5313 (17.26)         7;7    328.6239 (0.23)        217           1
test_benchmark_query12     18.0500 (27.94)    19.5649 (23.34)    18.7047 (26.50)    0.3799 (14.76)    18.6488 (26.53)    0.3980 (12.93)        18;2     53.4625 (0.04)         52           1
test_benchmark_query13      8.8118 (13.64)    10.4648 (12.48)     9.4650 (13.41)    0.2767 (10.75)     9.4651 (13.46)    0.3594 (11.68)        32;1    105.6529 (0.07)        102           1
test_benchmark_query14      2.2802 (3.53)      2.9779 (3.55)      2.4324 (3.45)     0.0955 (3.71)      2.4061 (3.42)     0.0939 (3.05)        64;21    411.1172 (0.29)        350           1
test_benchmark_query15      1.8736 (2.90)      6.8252 (8.14)      2.1138 (2.99)     0.2873 (11.16)     2.0530 (2.92)     0.1496 (4.86)        35;40    473.0711 (0.33)        488           1
test_benchmark_query16      3.6083 (5.59)      4.5592 (5.44)      3.9096 (5.54)     0.1487 (5.78)      3.8956 (5.54)     0.1920 (6.24)         80;3    255.7825 (0.18)        267           1
test_benchmark_query17      2.1002 (3.25)      2.4823 (2.96)      2.2195 (3.14)     0.0725 (2.82)      2.2018 (3.13)     0.0859 (2.79)        96;20    450.5453 (0.32)        378           1
test_benchmark_query18      1.6473 (2.55)      2.0218 (2.41)      1.7410 (2.47)     0.0521 (2.02)      1.7301 (2.46)     0.0608 (1.98)       144;19    574.3789 (0.41)        554           1
test_benchmark_query19     18.9230 (29.30)    20.2259 (24.12)    19.4785 (27.59)    0.2492 (9.68)     19.4745 (27.70)    0.2733 (8.88)         13;3     51.3387 (0.04)         52           1
test_benchmark_query2       2.0269 (3.14)      2.4995 (2.98)      2.2660 (3.21)     0.0863 (3.35)      2.2632 (3.22)     0.1186 (3.85)        141;2    441.3040 (0.31)        411           1
test_benchmark_query20      2.3848 (3.69)      3.4357 (4.10)      2.8284 (4.01)     0.2115 (8.22)      2.8238 (4.02)     0.3007 (9.77)        122;2    353.5574 (0.25)        360           1
test_benchmark_query21      1.3478 (2.09)      1.7539 (2.09)      1.4556 (2.06)     0.0796 (3.09)      1.4356 (2.04)     0.0788 (2.56)         15;5    687.0019 (0.48)         77           1
test_benchmark_query22     12.6869 (19.64)    13.9202 (16.60)    13.2243 (18.73)    0.3154 (12.25)    13.2152 (18.80)    0.4893 (15.89)        30;0     75.6183 (0.05)         76           1
test_benchmark_query23      2.2477 (3.48)      9.3113 (11.11)     2.5096 (3.56)     0.7803 (30.32)     2.3692 (3.37)     0.1045 (3.39)        10;20    398.4653 (0.28)        369           1
test_benchmark_query24      1.5982 (2.47)      1.9415 (2.32)      1.7062 (2.42)     0.0533 (2.07)      1.6961 (2.41)     0.0551 (1.79)       132;27    586.0981 (0.41)        556           1
test_benchmark_query25      1.2112 (1.88)      5.0080 (5.97)      1.3082 (1.85)     0.2585 (10.04)     1.2808 (1.82)     0.0384 (1.25)         6;31    764.4089 (0.54)        661           1
test_benchmark_query26      2.6771 (4.14)     10.8035 (12.89)     3.0143 (4.27)     0.6907 (26.83)     2.8755 (4.09)     0.1966 (6.39)        12;28    331.7570 (0.23)        321           1
test_benchmark_query27     23.4715 (36.34)    28.0861 (33.50)    24.6653 (34.94)    0.9038 (35.11)    24.4280 (34.75)    0.9462 (30.74)         6;3     40.5429 (0.03)         43           1
test_benchmark_query28      2.2976 (3.56)      7.4235 (8.85)      2.5469 (3.61)     0.5418 (21.05)     2.4370 (3.47)     0.1387 (4.50)        10;25    392.6349 (0.28)        358           1
test_benchmark_query29      2.4098 (3.73)      3.0334 (3.62)      2.6454 (3.75)     0.1181 (4.59)      2.6263 (3.74)     0.1579 (5.13)        121;4    378.0174 (0.27)        383           1
test_benchmark_query3       1.7165 (2.66)      2.0961 (2.50)      1.8402 (2.61)     0.0684 (2.66)      1.8229 (2.59)     0.0671 (2.18)       100;35    543.4132 (0.38)        428           1
test_benchmark_query30     34.2583 (53.04)    36.1302 (43.09)    35.0901 (49.71)    0.4265 (16.57)    35.0145 (49.81)    0.5667 (18.41)         7;0     28.4981 (0.02)         29           1
test_benchmark_query4       2.6493 (4.10)      4.6509 (5.55)      2.9125 (4.13)     0.1484 (5.77)      2.8928 (4.12)     0.1363 (4.43)         50;9    343.3534 (0.24)        313           1
test_benchmark_query5       1.8296 (2.83)      2.2764 (2.72)      1.9863 (2.81)     0.0718 (2.79)      1.9843 (2.82)     0.1074 (3.49)        147;2    503.4369 (0.36)        413           1
test_benchmark_query6       0.6459 (1.0)       0.8384 (1.0)       0.7059 (1.0)      0.0257 (1.0)       0.7030 (1.0)      0.0308 (1.0)        345;38  1,416.6820 (1.0)        1217           1
test_benchmark_query7      14.9017 (23.07)    16.2774 (19.41)    15.4305 (21.86)    0.2411 (9.37)     15.4040 (21.91)    0.2780 (9.03)         13;2     64.8068 (0.05)         60           1
test_benchmark_query8       1.0456 (1.62)      1.2981 (1.55)      1.1391 (1.61)     0.0387 (1.50)      1.1330 (1.61)     0.0430 (1.40)       175;27    877.8895 (0.62)        618           1
test_benchmark_query9       1.8006 (2.79)      2.1720 (2.59)      1.8780 (2.66)     0.0446 (1.73)      1.8717 (2.66)     0.0493 (1.60)       112;18    532.4928 (0.38)        463           1
---------------------------------------------------------------------------------------------------------------------------------------------------------------------------------------------

Legend:
  Outliers: 1 Standard Deviation from Mean; 1.5 IQR (InterQuartile Range) from 1st Quartile and 3rd Quartile.
  OPS: Operations Per Second, computed as 1 / Mean
============================= 30 passed in 30.61s ==============================
