============================= test session starts ==============================
platform darwin -- Python 3.13.14, pytest-9.0.2, pluggy-1.6.0
benchmark: 5.2.3 (defaults: timer=time.perf_counter disable_gc=True min_rounds=5 min_time=0.000005 max_time=1.0 calibration_precision=10 warmup=False warmup_iterations=5)
rootdir: /Users/prrao/code/graph-benchmark-ldbc
configfile: pyproject.toml
plugins: anyio-4.12.1, benchmark-5.2.3, asyncio-1.3.0, Faker-40.1.2
asyncio: mode=Mode.STRICT, debug=False, asyncio_default_fixture_loop_scope=None, asyncio_default_test_loop_scope=function
collected 30 items

benchmark_query.py ..............................                        [100%]
Wrote benchmark data in: <_io.BufferedWriter name='/Users/prrao/code/graph-benchmark-ldbc/results/20260903T204340Z/neo4j-2025.12.1.json'>


- generated xml file: /Users/prrao/code/graph-benchmark-ldbc/results/20260903T204340Z/neo4j-2025.12.1.xml -

------------------------------------------------------------------------------------------ benchmark: 30 tests ------------------------------------------------------------------------------------------
Name (time in ms)                 Min                   Max                  Mean             StdDev                Median                IQR            Outliers       OPS            Rounds  Iterations
---------------------------------------------------------------------------------------------------------------------------------------------------------------------------------------------------------
test_benchmark_query1          2.5561 (2.82)         6.0614 (1.98)         4.0978 (3.35)      1.3823 (4.04)         3.2366 (3.05)      2.2410 (15.41)         3;0  244.0349 (0.30)          7           1
test_benchmark_query10         3.1109 (3.43)         5.5936 (1.83)         3.5145 (2.88)      0.4948 (1.45)         3.3756 (3.18)      0.3681 (2.53)          1;1  284.5375 (0.35)         24           1
test_benchmark_query11         8.9772 (9.91)        13.4687 (4.40)        10.9351 (8.95)      1.5750 (4.60)        10.5656 (9.95)      2.9548 (20.31)         7;0   91.4484 (0.11)         13           1
test_benchmark_query12         2.8653 (3.16)         7.3638 (2.40)         3.8875 (3.18)      1.9585 (5.72)         2.8862 (2.72)      1.5426 (10.61)         1;1  257.2336 (0.31)          5           1
test_benchmark_query13         6.0913 (6.72)        16.1425 (5.27)         8.3985 (6.87)      4.3349 (12.66)        6.6317 (6.25)      2.6458 (18.19)         1;1  119.0695 (0.15)          5           1
test_benchmark_query14         0.9778 (1.08)         5.5412 (1.81)         1.2882 (1.05)      0.7355 (2.15)         1.0938 (1.03)      0.1895 (1.30)          1;4  776.2823 (0.95)         39           1
test_benchmark_query15         2.0726 (2.29)         4.5787 (1.49)         2.6027 (2.13)      0.7357 (2.15)         2.3098 (2.18)      0.2887 (1.99)          4;4  384.2230 (0.47)         29           1
test_benchmark_query16         1.1827 (1.31)         3.0643 (1.0)          1.4177 (1.16)      0.3424 (1.0)          1.3073 (1.23)      0.1455 (1.0)           3;3  705.3922 (0.86)         32           1
test_benchmark_query17         2.5378 (2.80)         5.0031 (1.63)         3.1187 (2.55)      0.6395 (1.87)         2.8791 (2.71)      0.4404 (3.03)          3;3  320.6464 (0.39)         25           1
test_benchmark_query18         2.4602 (2.71)         4.5726 (1.49)         2.7390 (2.24)      0.4104 (1.20)         2.6528 (2.50)      0.1700 (1.17)          2;2  365.0990 (0.45)         25           1
test_benchmark_query19         4.3578 (4.81)         8.2463 (2.69)         5.1888 (4.25)      1.7100 (4.99)         4.4440 (4.19)      1.0434 (7.17)          1;1  192.7231 (0.24)          5           1
test_benchmark_query2          3.6270 (4.00)         7.3129 (2.39)         5.0823 (4.16)      1.1196 (3.27)         5.0114 (4.72)      1.6396 (11.27)         4;0  196.7613 (0.24)         14           1
test_benchmark_query20       367.1367 (405.15)     475.0071 (155.01)     393.2912 (321.80)   45.8133 (133.80)     374.0987 (352.36)   29.1372 (200.31)        1;1    2.5426 (0.00)          5           1
test_benchmark_query21         0.9062 (1.0)          4.3155 (1.41)         1.3358 (1.09)      0.7611 (2.22)         1.0617 (1.0)       0.3300 (2.27)          3;4  748.6080 (0.91)         30           1
test_benchmark_query22         2.3378 (2.58)         3.4328 (1.12)         2.6185 (2.14)      0.3442 (1.01)         2.5381 (2.39)      0.3406 (2.34)          1;1  381.9007 (0.47)          9           1
test_benchmark_query23         2.7235 (3.01)         5.0662 (1.65)         3.0813 (2.52)      0.5014 (1.46)         2.8763 (2.71)      0.3324 (2.28)          4;3  324.5408 (0.40)         28           1
test_benchmark_query24         0.9425 (1.04)         3.3853 (1.10)         1.2911 (1.06)      0.5078 (1.48)         1.1402 (1.07)      0.2302 (1.58)          3;5  774.5136 (0.95)         42           1
test_benchmark_query25         2.2480 (2.48)         4.3293 (1.41)         2.5791 (2.11)      0.4141 (1.21)         2.4676 (2.32)      0.2379 (1.64)          3;4  387.7360 (0.47)         28           1
test_benchmark_query26         0.9840 (1.09)         3.2025 (1.05)         1.2222 (1.0)       0.4393 (1.28)         1.0901 (1.03)      0.1973 (1.36)          2;3  818.2252 (1.0)          27           1
test_benchmark_query27         1.9605 (2.16)         4.9925 (1.63)         2.5179 (2.06)      1.0979 (3.21)         2.1195 (2.00)      0.2701 (1.86)          1;1  397.1565 (0.49)          7           1
test_benchmark_query28         2.4761 (2.73)         4.6021 (1.50)         3.0330 (2.48)      0.7629 (2.23)         2.5907 (2.44)      1.0782 (7.41)          1;0  329.7065 (0.40)          9           1
test_benchmark_query29         2.0691 (2.28)         4.1537 (1.36)         2.3591 (1.93)      0.3859 (1.13)         2.2326 (2.10)      0.2076 (1.43)          4;4  423.8897 (0.52)         38           1
test_benchmark_query3          1.4151 (1.56)         4.2355 (1.38)         2.0185 (1.65)      0.7781 (2.27)         1.7234 (1.62)      0.5775 (3.97)          2;2  495.4194 (0.61)         20           1
test_benchmark_query30     1,038.2058 (>1000.0)  1,108.5065 (361.74)   1,055.1514 (863.35)   30.0705 (87.82)    1,043.2785 (982.66)   24.3686 (167.53)        1;1    0.9477 (0.00)          5           1
test_benchmark_query4          2.8424 (3.14)         5.0291 (1.64)         3.1409 (2.57)      0.4276 (1.25)         3.0094 (2.83)      0.1749 (1.20)          1;4  318.3782 (0.39)         26           1
test_benchmark_query5          3.4880 (3.85)         5.5930 (1.83)         4.2440 (3.47)      0.6610 (1.93)         4.0375 (3.80)      0.4207 (2.89)          2;1  235.6288 (0.29)          7           1
test_benchmark_query6          2.4427 (2.70)         5.4511 (1.78)         3.1447 (2.57)      0.7562 (2.21)         2.9249 (2.75)      0.6036 (4.15)          2;2  317.9927 (0.39)         25           1
test_benchmark_query7          0.9688 (1.07)         4.0730 (1.33)         1.5077 (1.23)      0.7847 (2.29)         1.2350 (1.16)      0.3164 (2.18)          1;1  663.2766 (0.81)         14           1
test_benchmark_query8          9.5375 (10.53)       13.5614 (4.43)        11.7203 (9.59)      1.4503 (4.24)        11.8744 (11.18)     2.5106 (17.26)         3;0   85.3223 (0.10)         10           1
test_benchmark_query9          1.3066 (1.44)         3.8705 (1.26)         1.7821 (1.46)      0.5227 (1.53)         1.6790 (1.58)      0.5267 (3.62)          1;1  561.1473 (0.69)         25           1
---------------------------------------------------------------------------------------------------------------------------------------------------------------------------------------------------------

Legend:
  Outliers: 1 Standard Deviation from Mean; 1.5 IQR (InterQuartile Range) from 1st Quartile and 3rd Quartile.
  OPS: Operations Per Second, computed as 1 / Mean
============================= 30 passed in 19.76s ==============================
